29
19
23
35
29
69
15
31
25
33
16
5
0
21
35
24
24
10
32
14
67
12
14
34
33
27
25
11
24
15
3
14
23
21
9
20
17
24
40
71
32
33
19
22
17
16
27
31
14
20
14
32
6
17
21
26
14
1
24
16
24
16
33
15
32
27
0
32
14
9
13
12
28
40
13
27
0
17
32
27
19
27
41
35
31
31
27
11
14
38
102
36
45
29
18
23
17
50
15
25
34
9
36
47
21
19
18
50
14
31
17
18
7
39
34
22
30
23
34
23
2
10
49
31
0
40
48
7
6
26
57
27
17
17
26
32
56
10
39
32
28
18
22
20
33
14
35
8
48
22
52
55
27
0
35
14
19
34
53
36
39
19
17
22
29
49
48
22
20
12
6
60
27
0
16
29
30
55
28
17
13
12
38
47
13
16
63
17
29
25
31
41
17
15
21
18
18
63
34
15
52
60
14
20
0
23
27
0
24
24
22
28
22
77
34
20
23
22
26
49
46
21
15
25
19
26
0
9
18
28
35
40
48
0
36
41
44
41
18
23
26
34
21
24
20
63
8
32
0
66
0
0
43
12
35
27
8
24
24
56
46
14
57
23
34
30
42
31
31
25
12
38
6
72
29
14
29
19
58
21
39
3
35
15
57
47
30
24
15
20
33
19
0
26
21
28
29
15
21
27
44
25
15
18
31
43
30
62
13
23
39
26
0
19
13
10
20
25
33
16
25
16
13
30
60
22
25
17
26
31
17
0
56
59
25
16
22
15
23
53
14
44
13
17
21
32
58
40
22
43
2
18
31
17
19
29
0
12
43
14
19
30
25
19
14
34
28
16
24
10
22
15
35
51
28
66
23
31
30
15
13
96
23
15
25
18
11
11
32
18
17
41
39
17
40
24
40
44
24
21
7
47
18
52
38
7
17
7
27
0
43
40
13
30
5
40
10
32
16
30
24
21
31
8
21
22
13
60
15
35
33
38
9
16
13
49
25
13
13
32
43
18
40
24
92
31
56
29
19
21
25
16
28
28
29
62
36
12
0
32
45
15
16
36
16
27
0
15
45
54
36
34
37
32
19
21
40
51
29
6
52
7
24
31
19
21
33
50
14
7
19
15
35
16
12
27
35
26
48
15
19
15
11
12
24
4
20
0
0
36
0
19
22
5
8
17
24
5
18
22
23
46
20
11
18
32
10
13
23
14
33
23
18
27
36
43
22
5
40
29
12
7
23
55
19
40
53
27
17
33
22
40
24
0
18
52
23
29
21
27
32
28
19
21
22
18
13
0
26
29
34
34
33
18
53
18
32
26
21
24
15
10
16
50
44
23
36
13
41
23
15
22
20
75
15
19
20
19
20
47
22
32
10
62
23
27
23
0
62
22
32
25
0
38
40
28
22
30
12
36
18
19
13
17
38
14
18
14
23
23
50
29
42
48
36
29
12
13
27
20
31
11
6
34
62
0
22
12
49
40
13
18
11
29
8
23
25
4
23
35
25
21
20
24
31
52
11
0
23
0
25
22
28
0
19
46
10
40
9
18
33
12
18
16
25
30
33
36
28
20
57
25
31
33
23
24
10
22
17
55
31
10
34
10
24
28
18
26
30
21
33
24
40
6
25
39
0
43
16
42
17
29
0
21
53
31
0
32
39
2
24
18
0
20
36
34
22
0
36
14
26
14
14
27
20
24
4
57
17
48
38
19
78
33
0
25
23
22
49
65
38
13
13
17
15
54
40
13
30
22
20
15
45
51
8
42
17
8
33
12
20
17
17
30
7
26
51
26
35
61
34
12
32
28
18
19
6
89
9
25
9
41
56
42
20
23
17
27
19
44
20
19
6
15
20
40
19
14
19
13
35
12
36
34
29
67
26
13
43
40
31
10
19
0
8
6
19
47
18
10
14
74
15
21
25
15
14
21
32
18
25
0
18
16
34
13
31
23
13
10
19
46
38
29
28
21
0
6
17
26
22
29
22
33
43
28
4
20
27
30
18
18
20
17
14
5
9
36
43
12
8
27
21
35
18
14
28
23
34
0
17
17
26
29
19
13
44
13
0
26
26
16
0
23
14
20
15
10
46
14
26
35
15
27
11
42
10
23
36
25
17
42
41
15
24
34
2
9
10
16
33
32
13
17
30
15
31
24
46
34
19
22
0
2
6
41
0
13
12
32
17
12
20
39
46
31
51
12
47
6
34
24
18
33
28
22
16
14
16
20
26
22
30
17
55
11
45
2
15
38
19
22
22
27
38
60
27
46
0
38
0
10
26
39
28
16
29
45
30
3
10
33
19
22
37
29
20
36
24
19
28
23
36
35
21
60
18
23
34
34
17
34
22
20
21
14
27
29
29
49
19
36
8
20
68
53
23
15
24
60
38
18
9
30
14
33
20
34
25
9
14
24
19
10
5
13
10
24
26
23
14
12
8
35
18
18
18
34
56
15
21
17
25
14
22
22
28
16
12
6
48
11
51
15
9
5
12
21
34
0
36
21
14
27
47
33
24
32
30
81
17
9
11
63
23
60
26
35
20
18
20
28
21
15
12
28
29
42
7
34
68
42
6
43
23
20
10
16
30
35
35
11
17
19
19
2
27
31
